0 5 1 17 14 12 8 4 6 2 11 13 15 10 7 9 18 15 3 20 21 13
5 1 8 12 6 9 7 15 5 18 6 4 0 2 8 14 7 11 11 3 17 19
1 8 2 14 8 6 1 0 6 11 12 18 5 8 10 4 3 4 17 5 12 3
17 12 14 3 7 16 18 9 4 19 11 0 17 6 5 16 15 2 21 4 6 2
14 6 8 7 4 11 7 15 12 5 17 1 13 9 17 18 11 5 6 14 19 10
12 9 6 16 11 5 1 8 0 7 18 10 11 10 9 2 14 18 1 16 4 19
8 7 1 18 7 1 6 2 4 0 14 9 8 12 13 17 19 13 3 15 18 16
4 15 0 9 15 8 2 7 1 6 2 14 11 5 9 12 17 10 14 11 3 9
6 5 6 4 12 0 4 1 8 1 12 17 2 9 18 14 19 9 14 1 0 20
2 18 11 19 5 7 0 6 1 9 8 4 14 7 1 11 4 0 5 17 14 15
11 6 12 11 17 18 14 2 12 8 10 19 1 17 16 3 21 1 20 20 19 18
13 4 18 0 1 10 9 14 17 4 19 11 7 3 18 6 12 2 15 6 15 0
15 0 5 17 13 11 8 11 2 14 1 7 12 11 5 2 13 3 7 21 16 13
10 2 8 6 9 10 12 5 9 7 17 3 11 13 15 16 21 19 12 8 15 -1
7 8 10 5 17 9 13 9 18 1 16 18 5 15 14 0 15 10 2 7 3 8
9 14 4 16 18 2 17 12 14 11 3 6 2 16 0 15 20 8 0 13 13 17
18 7 3 15 11 14 19 17 19 4 21 12 13 21 15 20 16 20 10 5 21 19
15 11 4 2 5 18 13 10 9 0 1 2 3 19 10 8 20 17 19 8 16 20
3 11 17 21 6 1 3 14 14 5 13 15 7 12 2 0 10 19 18 16 10 20
20 3 5 4 14 16 15 11 1 17 20 6 21 8 7 13 5 8 16 19 21 3
21 17 12 6 19 4 18 3 0 14 19 15 16 15 3 13 21 16 10 21 20 0
13 19 3 2 10 19 16 9 20 15 18 0 13 -1 8 17 19 20 20 3 0 21
