オルフェウス改 91 0 0
スサノオ 77 0 0
ロキ 69 0 -1
デカラビア 54 0 -1
オセ 41 0 -1
ジャアクフロスト 37 0 0
レギオン 26 0 -1
スライム 12 0 -1
オルフェウス 1 0 -1
フツヌシ 74 1 -1
スルト 60 1 -1
ランダ 50 1 -1
オロバス 39 1 -1
サティ 29 1 -1
カハク 19 1 -1
ジャックランタン 15 1 -1
ジャックフロスト 8 1 -1
ネコマタ 3 1 -1
スカアハ 75 2 -1
キクリヒメ 61 2 -1
パールヴァティ 48 2 0
ガンガー 41 2 -1
サラスヴァティ 32 2 -1
ハイピクシー 20 2 -1
ユニコーン 11 2 -1
アプサラス 2 2 -1
アリラト 84 3 -1
マザーハーロット 77 3 -1
スカディ 68 3 -1
ガブリエル 62 3 -1
ハリティー 48 3 -1
ヤクシニー 32 3 -1
リャナンシー 21 3 -1
オーディン 74 4 -1
バロン 63 4 -1
ベルフェゴール 53 4 -1
ナーガラジャ 43 4 -1
キングフロスト 34 4 -1
タケミカヅチ 23 4 -1
オベロン 16 4 -1
フォルネウス 7 4 -1
コウリュウ 71 5 0
だいそうじょう 59 5 -1
ミシャクジさま 48 5 -1
トート 40 5 -1
フラロウス 33 5 0
シーサー 23 5 -1
ベリス 13 5 -1
オモイカネ 7 5 -1
キュベレ 67 6 -1
ラファエル 60 6 -1
ティターニア 49 6 -1
サキミタマ 36 6 -1
クイーンメイブ 28 6 -1
ナルキッソス 23 6 -1
タムリン 13 6 -1
シルキー 5 6 -1
ピクシー 2 6 -1
トール 64 7 -1
コウモクテン 52 7 -1
シキオウジ 45 7 -1
オニ 31 7 -1
ミトラス 24 7 -1
ゾウチョウテン 14 7 -1
キマイラ 9 7 -1
アラミタマ 6 7 -1
メルキセデク 66 8 -1
ソロネ 52 8 -1
ドミニオン 42 8 -1
ヴァーチャー 32 8 -1
パワー 25 8 -1
プリンシパリティ 16 8 -1
アークエンジェル 10 8 -1
エンジェル 4 8 -1
アラハバキ 68 9 -1
クヴァンダ 61 9 -1
ネビロス 52 9 -1
クラマテング 46 9 -1
ダーキニー 38 9 -1
モスマン 31 9 -1
ラミア 25 9 -1
ナーガ 17 9 -1
オンモラキ 8 9 -1
ラクシュミ 73 10 -1
ノルン 65 10 0
アトロポス 56 10 -1
ラケシス 44 10 -1
クロト 37 10 -1
クシミタマ 28 10 -1
ザントマン 20 10 -1
フォルトゥナ 15 10 0
アタバク 72 11 -1
カーリー 63 11 -1
ジークフリード 54 11 -1
ホワイトライダー 46 11 -1
ハヌマーン 36 11 -1
ジコクテン 29 11 -1
マタドール 22 11 -1
ラクシャーサ 15 11 -1
ヴァルキリー 10 11 -1
アティス 73 12 -1
ヘルズエンジェル 65 12 -1
マダ 57 12 0
ヘカトンケイル 47 12 -1
ヴァスキ 38 12 -1
オルトロス 27 12 -1
タケミナカタ 20 12 -1
イヌガミ 10 12 -1
タナトス 78 13 0
アリス 68 13 0
モト 58 13 -1
サマエル 41 13 -1
ロア 33 13 -1
ペイルライダー 23 13 0
ピシャーチャ 15 13 -1
ユルング 71 14 -1
ビャッコ 63 14 -1
スザク 55 14 -1
オオクニヌシ 44 14 -1
セイリュウ 38 14 -1
ゲンブ 30 14 -1
ミトラ 22 14 -1
ニギミタマ 12 14 -1
ベルゼブブ 81 15 0
アバドン 76 15 -1
リリス 65 15 -1
パズス 56 15 -1
サキュバス 47 15 -1
インキュバス 37 15 -1
バフォメット 30 15 -1
モコイ 18 15 -1
リリム 8 15 -1
シュウ 86 16 -1
シヴァ 82 16 0
マサカド 79 16 0
マーラ 75 16 0
セイテンタイセイ 67 16 -1
ビシャモンテン 60 16 -1
クーフーリン 40 16 -1
エリゴール 31 16 -1
ルシフェル 88 17 -1
サトゥルヌス 76 17 -1
ホウオウ 70 17 -1
ガルーダ 64 17 -1
ガネーシャ 51 17 -1
キウン 42 17 -1
セタンタ 29 17 -1
ネコショウグン 17 17 -1
サンダルフォン 80 18 -1
バアルゼブル 72 18 -1
セト 62 18 -1
チェルノボグ 56 18 -1
ディオニュソス 49 18 -1
ギリメカラ 39 18 -1
ヤマタノオロチ 25 18 -1
グルル 14 18 -1
アスラおう 85 19 0
ヴィシュヌ 78 19 -1
ホルス 67 19 -1
ジャターユ 55 19 -1
ケツアルカトル 45 19 -1
サンダーバード 35 19 -1
ヤタガラス 24 19 -1
メサイア 91 20 0
ルシファー 89 20 0
サタン 82 20 -1
ミカエル 70 20 -1
トランペッター 59 20 -1
アヌビス 40 20 -1
メタトロン 87 21 0
アナンタ 73 21 -1
ウリエル 57 21 -1
ニーズホッグ 47 21 -1